001251
563585
193304
808741
585009
479873
350291
895962
822840
746605
174108
858943
710501
513535
303995
014985
091403
364452
147313
165899
988525
445692
119083
004669
008911
377880
531663
571184
601764
607166
166234
663045
450789
352123
057039
607685
783319
802606
519883
301950
875973
726676
955901
925718
539354
142338
462081
235328
862239
209601
779656
843654
996796
999695
611499
392438
266213
297281
840144
023743
375866
092624
677206
056215
008789
918790
275887
272897
587909
691183
837611
726493
484939
205359
743736
468459
457961
949156
744438
108280
599048
385235
735008
608966
572405
361339
151555
225105
425153
802881
517106
989990
751549
345561
168981
657308
491897
063540
699759
504807
147496
949583
141575
905118
692892
303049
426557
070376
966613
683187
153233
877255
821680
582049
191351
177892
817194
475265
155553
503922
732017
405591
279580
568743
682241
755852
721915
475295
123020
367809
834681
035096
517014
662984
426222
104678
949339
921384
549547
345988
471725
374981
846980
316874
456099
271889
982971
297800
739189
567278
195990
761315
839442
397656
500900
890164
027467
994629
572588
050508
531327
194067
843043
626759
657613
197851
842158
123325
109928
743126
314066
941069
286081
336314
140263
733085
834620
707999
600238
747215
252724
144475
001617
061007
806238
852626
210578
115604
553209
014252
113773
454512
752220
686148
543443
073885
436720
201941
696219
290353
436689
232429
577868
532579
628681
160192
504135
963042
695761
924802
189947
335948
178350
995178
457442
998016
097507
625172
094394
437727
931516
048433
894620
290017
227302
769066
410718
201971
628071
604144
451613
466353
597827
634724
854793
828791
624775
720908
565752
375134
184271
737907
555132
905087
242866
188940
604724
698508
584613
351299
494461
080386
740745
612049
620380
691122
804529
149113
576037
867733
911557
614704
727683
043214
667776
976531
315012
569201
305826
173925
108554
869045
851222
744316
154881
326914
079348
076601
640980
820002
545091
448256
408979
298746
465560
501205
152654
323038
737999
313883
826685
959075
873348
725028
300058
943999
127232
065737
784967
524583
609638
956114
072268
875637
653859
322123
104801
505051
227088
290292
919980
551164
662801
114536
492538
379131
496811
793359
509262
382366
688162
532151
606281
395184
005890
707877
100620
623066
863247
491501
747337
496902
380108
785363
552812
357097
955718
630848
176580
374248
131626
743278
951720
611988
027833
329844
055910
639210
131626
847072
864315
596881
721641
853969
014679
126469
707907
617145
217566
065950
168920
624104
340983
319407
367565
661000
802393
806879
526536
611103
798181
900601
144810
630177
402417
253700
136540
855190
066164
427808
573351
302286
548051
225562
311350
110630
808039
134709
284249
788110
895230
789636
743797
615223
361126
856655
228492
863582
229438
249550
542405
984832
053804
081423
524674
426801
094668
258797
891537
232765
146550
125095
931639
080111
047090
058718
336406
914701
398602
432783
946165
837184
534227
842097
693533
397687
259163
004334
525590
954802
398694
241096
585559
255135
684011
945280
435499
890225
007172
940977
601550
786157
576678
142430
222327
383007
004273
417920
082247
659932
855098
064852
811060
662069
691488
802698
530137
685629
142766
689505
727897
777734
031068
868679
644520
706565
085452
551988
947905
058779
274972
145177
981780
619984
292245
922483
367534
694540
218635
155919
240547
521439
902280
106418
902646
441725
080111
782098
171789
974395
775872
870388
210639
456618
003754
750633
114048
404706
311136
992615
038575
252083
189276
247688
153508
620319
885372
939085
195654
779656
645558
656758
909146
455458
921293
664174
150761
636341
569536
422040
943022
540574
578570
536454
255287
396954
350261
036622
795251
196509
070284
389416
590747
070925
197668
155889
644337
454329
604297
697348
441298
684469
396527
835719
592212
199591
949461
876003
391705
987457
185308
895718
574450
442061
627338
708518
049623
285562
260201
407636
895322
710196
728446
896054
393567
397412
903867
308603
388104
570574
353557
733695
745354
736381
739433
139317
200171
272591
680441
911130
367840
517655
109378
907437
203070
517960
654836
438520
687643
090426
079562
075777
027802
355083
307230
697287
142674
394848
067843
675741
724937
198706
694021
615711
654897
543992
098300
545366
049623
974578
464034
969970
727866
530961
679922
692801
372112
388623
049959
809778
169561
060823
310556
784478
212470
321909
484664
009156
439863
507859
605945
758538
401074
349803
842647
942320
623310
997284
053468
562853
863552
386761
306406
284219
026704
612568
391186
018616
031037
455702
857936
936766
401898
727287
611591
808374
875423
582598
595019
079012
793176
462203
590625
589434
569201
816065
672750
343577
010224
267312
341563
232093
771020
371746
869869
116855
725578
628925
893948
183020
535569
902005
780084
965209
197363
901547
797418
953398
848811
890347
628712
185461
616932
264992
250649
732200
788110
170934
713889
480941
081484
806543
855342
124638
307474
573321
472976
762047
191870
727775
995025
015351
647633
691641
174139
072115
274972
676626
838923
556658
371227
779504
232521
638234
231666
204596
971038
281747
022889
769219
151830
046968
009247
348582
643880
343242
414563
416517
090670
545183
699271
337992
657521
876247
535478
570025
053987
465773
259987
426801
863338
486587
087436
565813
709403
778466
864223
850551
293008
864376
644917
746849
828639
765618
871914
908322
912534
521958
440168
107639
354015
823054
427717
169836
000855
657460
773553
063723
089816
385662
683889
807611
154088
142857
048463
346141
018555
978423
647633
053652
914151
637471
431715
021058
242592
391949
654012
781884
022828
826044
138432
634266
550401
983489
463424
214789
300699
782159
342540
480605
608020
102512
984436
755821
150884
456404
711631
998749
775506
641652
621204
946104
688162
289804
567156
290384
548235
712363
246437
546678
492630
952055
669820
765160
623371
445753
798761
745537
988922
204627
629475
909818
591296
918394
505539
489395
449721
889340
940397
182928
251961
203009
730491
941130
625080
041353
641346
034516
556352
544481
446333
061373
996033
127750
600909
050356
172796
660237
332438
315958
653584
410535
427503
221625
678518
166448
497543
507645
802728
435072
004517
339488
375896
128574
827326
733299
891140
643330
650594
514481
733970
737175
957091
465835
363262
112186
904660
821223
454787
108676
869442
761376
039125
416669
936125
067751
164861
211280
116916
591113
118351
618274
580096
690298
731559
915647
669729
298502
808863
378185
997497
772515
204413
170568
388256
181219
580981
195624
960143
190252
381726
303995
120823
198157
046236
771172
761040
881039
001770
448622
426374
801538
461348
494858
749382
238502
559404
092746
922025
893826
857021
059633
490890
632038
747215
756066
255745
909909
791986
199622
552843
051241
522172
790368
704154
024049
731742
553362
914212
875546
796930
305429
394940
481887
052583
651967
000855
768578
756188
219733
154759
057527
670614
032685
345866
697867
798151
436262
981719
635548
295297
476974
874355
079287
100986
143223
143010
917997
308725
373821
